60,4
60,3
60,2
60,1
60,0
59,5
59,4
59,3
59,2
59,1
59,0
58,5
58,4
58,3
58,2
58,1
58,0
57,6
57,5
57,4
57,3
57,2
57,1
57,0
56,5
56,4
56,3
56,2
56,1
56,0
55,5
55,4
55,3
55,2
55,1
55,0
54,4
54,3
54,2
54,1
54,0
53,4
53,3
53,2
53,1
53,0
52,6
52,5
52,4
52,3
52,2
52,1
52,0
51,5
51,4
51,3
51,2
51,1
51,0
50,4
50,3
50,2
50,1
50,0
49,6
49,5
49,4
49,3
49,2
49,1
49,0
48,7
48,6
48,5
48,4
48,3
48,2
48,1
48,0
45,3
45,2
45,1
45,0
44,3
44,2
44,1
44,0
4,3
2,3
2,2
2,1
2,0
1,3
0,410
0,324
0,243
0,9
0,0
0,1
0,417
0,300
0,299
0,416
0,298
0,415
0,297
0,414
0,296
0,413
0,295
0,412
0,294
0,431
0,293
0,411
0,292
0,409
0,291
0,408
0,290
0,407
0,289
0,406
0,288
0,430
0,287
0,405
0,286
0,404
0,285
0,284
0,403
0,283
0,402
0,282
0,401
0,281
0,400
0,280
0,429
0,279
0,399
0,278
0,398
0,277
0,397
0,276
0,428
0,275
0,396
0,274
0,395
0,273
0,394
0,272
0,427
0,271
0,393
0,270
0,392
0,269
0,391
0,268
0,426
0,267
0,390
0,266
0,389
0,265
0,388
0,264
0,425
0,263
0,387
0,262
0,386
0,261
0,385
0,260
0,424
0,259
0,384
0,258
0,383
0,257
0,382
0,256
0,423
0,255
0,381
0,254
0,380
0,253
0,379
0,252
0,422
0,251
0,378
0,250
0,377
0,249
0,376
0,248
0,247
0,375
0,246
0,374
0,245
0,373
0,244
0,242
0,372
0,241
0,371
0,240
0,370
0,239
0,421
0,238
0,369
0,237
0,368
0,236
0,367
0,235
0,420
0,234
0,366
0,233
0,365
0,232
0,364
0,231
0,419
0,230
0,363
0,229
0,362
0,228
0,361
0,227
0,418
0,226
0,360
0,225
0,359
0,224
0,358
0,223
0,357
0,222
0,356
0,221
0,355
0,220
0,354
0,219
0,353
0,218
0,352
0,217
0,351
0,216
0,350
0,215
0,349
0,214
0,348
0,213
0,347
0,212
0,346
0,211
0,345
0,210
0,344
0,209
0,343
0,208
0,342
0,207
0,341
0,206
0,340
0,205
0,339
0,204
0,338
0,203
0,337
0,202
0,336
0,201
0,335
0,200
0,334
0,199
0,333
0,198
0,332
0,197
0,331
0,196
0,330
0,195
0,329
0,194
0,328
0,193
0,327
0,192
0,326
0,63
0,325
0,62
0,323
0,61
0,322
0,60
0,321
0,59
0,320
0,58
0,319
0,57
0,318
0,56
0,317
0,55
0,316
0,54
0,315
0,53
0,314
0,52
0,313
0,51
0,312
0,50
0,311
0,49
0,310
0,48
0,309
0,47
0,308
0,46
0,307
0,45
0,301
0,6
0,5
0,304
0,303
0,306
0,305
0,302
0,12
0,10
0,8
0,11
0,4
0,2
0,3
0,7
